0.0000 0.0000 -0.0047 0.0016 
0.0250 0.5487 -0.0051 0.0012 
0.0500 1.0907 -0.0056 0.0006 
0.0750 1.6196 -0.0060 0.0000 
0.1000 2.1289 -0.0064 -0.0007 
0.1250 2.6125 -0.0068 -0.0015 
0.1500 3.0645 -0.0070 -0.0024 
0.1750 3.4796 -0.0071 -0.0034 
0.2000 3.8526 -0.0072 -0.0044 
0.2250 4.1790 -0.0071 -0.0056 
0.2500 4.4550 -0.0069 -0.0068 
0.2750 4.6772 -0.0065 -0.0080 
0.3000 4.8429 -0.0059 -0.0092 
0.3250 4.9501 -0.0052 -0.0105 
0.3500 4.9975 -0.0043 -0.0117 
0.3750 4.9846 -0.0032 -0.0129 
0.4000 4.9114 -0.0018 -0.0141 
0.4250 4.7790 -0.0003 -0.0151 
0.4500 4.5888 0.0015 -0.0160 
0.4750 4.3432 0.0035 -0.0168 
0.5000 4.0451 0.0057 -0.0173 
0.5250 3.6982 0.0080 -0.0177 
0.5500 3.3066 0.0106 -0.0177 
0.5750 2.8750 0.0133 -0.0175 
0.6000 2.4088 0.0161 -0.0169 
0.6250 1.9134 0.0190 -0.0159 
0.6500 1.3950 0.0219 -0.0146 
0.6750 0.8596 0.0248 -0.0128 
0.7000 0.3140 0.0277 -0.0106 
0.7250 -0.2355 0.0304 -0.0079 
0.7500 -0.7822 0.0330 -0.0048 
0.7750 -1.3194 0.0353 -0.0012 
0.8000 -1.8406 0.0373 0.0029 
0.8250 -2.3396 0.0390 0.0075 
0.8500 -2.8104 0.0402 0.0124 
0.8750 -3.2472 0.0408 0.0178 
0.9000 -3.6448 0.0408 0.0235 
0.9250 -3.9984 0.0402 0.0295 
0.9500 -4.3037 0.0387 0.0357 
0.9750 -4.5570 0.0365 0.0421 
1.0000 -4.7553 0.0334 0.0485 
1.0250 -4.8961 0.0294 0.0548 
1.0500 -4.9778 0.0245 0.0610 
1.0750 -4.9994 0.0185 0.0669 
1.1000 -4.9606 0.0116 0.0723 
1.1250 -4.8618 0.0037 0.0772 
1.1500 -4.7044 -0.0051 0.0813 
1.1750 -4.4901 -0.0148 0.0846 
1.2000 -4.2216 -0.0254 0.0869 
1.2250 -3.9022 -0.0368 0.0881 
1.2500 -3.5355 -0.0488 0.0879 
1.2750 -3.1262 -0.0613 0.0863 
1.3000 -2.6791 -0.0742 0.0831 
1.3250 -2.1997 -0.0873 0.0782 
1.3500 -1.6937 -0.1004 0.0716 
1.3750 -1.1672 -0.1132 0.0631 
1.4000 -0.6267 -0.1256 0.0527 
1.4250 -0.0785 -0.1374 0.0405 
1.4500 0.4705 -0.1481 0.0262 
1.4750 1.0139 -0.1576 0.0101 
1.5000 1.5451 -0.1656 -0.0078 
1.5250 2.0576 -0.1718 -0.0273 
1.5500 2.5452 -0.1759 -0.0485 
1.5750 3.0021 -0.1777 -0.0710 
1.6000 3.4227 -0.1769 -0.0946 
1.6250 3.8020 -0.1732 -0.1190 
1.6500 4.1354 -0.1665 -0.1441 
1.6750 4.4188 -0.1566 -0.1692 
1.7000 4.6489 -0.1432 -0.1942 
1.7250 4.8228 -0.1264 -0.2186 
1.7500 4.9384 -0.1061 -0.2420 
1.7750 4.9944 -0.0822 -0.2638 
1.8000 4.9901 -0.0549 -0.2836 
1.8250 4.9255 -0.0241 -0.3009 
1.8500 4.8015 0.0098 -0.3152 
1.8750 4.6194 0.0466 -0.3260 
1.9000 4.3815 0.0861 -0.3328 
1.9250 4.0907 0.1278 -0.3352 
1.9500 3.7506 0.1713 -0.3328 
1.9750 3.3651 0.2160 -0.3251 
2.0000 2.9389 0.2613 -0.3119 
2.0250 2.4773 0.3067 -0.2928 
2.0500 1.9857 0.3513 -0.2678 
2.0750 1.4702 0.3946 -0.2366 
2.1000 0.9369 0.4355 -0.1993 
2.1250 0.3923 0.4735 -0.1559 
2.1500 -0.1571 0.5075 -0.1065 
2.1750 -0.7045 0.5369 -0.0516 
2.2000 -1.2434 0.5607 0.0085 
2.2250 -1.7674 0.5781 0.0734 
2.2500 -2.2700 0.5885 0.1424 
2.2750 -2.7451 0.5911 0.2147 
2.3000 -3.1871 0.5852 0.2896 
2.3250 -3.5906 0.5703 0.3660 
2.3500 -3.9508 0.5459 0.4430 
2.3750 -4.2632 0.5118 0.5194 
2.4000 -4.5241 0.4677 0.5940 
2.4250 -4.7304 0.4135 0.6656 
2.4500 -4.8796 0.3494 0.7329 
2.4750 -4.9698 0.2755 0.7945 
2.5000 -5.0000 0.1923 0.8492 
2.5250 -4.9698 0.1004 0.8956 
2.5500 -4.8796 0.0005 0.9325 
2.5750 -4.7304 -0.1064 0.9586 
2.6000 -4.5241 -0.2192 0.9729 
2.6250 -4.2632 -0.3366 0.9743 
2.6500 -3.9508 -0.4572 0.9619 
2.6750 -3.5906 -0.5795 0.9351 
2.7000 -3.1871 -0.7017 0.8933 
2.7250 -2.7451 -0.8221 0.8361 
2.7500 -2.2700 -0.9386 0.7634 
2.7750 -1.7674 -1.0495 0.6752 
2.8000 -1.2434 -1.1527 0.5720 
2.8250 -0.7045 -1.2463 0.4543 
2.8500 -0.1571 -1.3282 0.3229 
2.8750 0.3923 -1.3966 0.1789 
2.9000 0.9369 -1.4496 0.0237 
2.9250 1.4702 -1.4857 -0.1412 
2.9500 1.9857 -1.5034 -0.3138 
2.9750 2.4773 -1.5012 -0.4923 
3.0000 2.9389 -1.4780 -0.6742 
3.0250 3.3651 -1.4332 -0.8572 
3.0500 3.7506 -1.3661 -1.0387 
3.0750 4.0907 -1.2764 -1.2160 
3.1000 4.3815 -1.1643 -1.3863 
3.1250 4.6194 -1.0301 -1.5468 
3.1500 4.8015 -0.8746 -1.6948 
3.1750 4.9255 -0.6990 -1.8273 
3.2000 4.9901 -0.5047 -1.9419 
3.2250 4.9944 -0.2936 -2.0358 
3.2500 4.9384 -0.0677 -2.1068 
3.2750 4.8228 0.1703 -2.1527 
3.3000 4.6489 0.4177 -2.1717 
3.3250 4.4188 0.6714 -2.1621 
3.3500 4.1354 0.9281 -2.1229 
3.3750 3.8020 1.1844 -2.0532 
3.4000 3.4227 1.4366 -1.9527 
3.4250 3.0021 1.6809 -1.8212 
3.4500 2.5452 1.9136 -1.6594 
3.4750 2.0576 2.1309 -1.4681 
3.5000 1.5451 2.3291 -1.2489 
3.5250 1.0139 2.5046 -1.0037 
3.5500 0.4705 2.6540 -0.7347 
3.5750 -0.0785 2.7741 -0.4448 
3.6000 -0.6267 2.8622 -0.1373 
3.6250 -1.1672 2.9157 0.1844 
3.6500 -1.6937 2.9325 0.5161 
3.6750 -2.1997 2.9111 0.8538 
3.7000 -2.6791 2.8503 1.1929 
3.7250 -3.1262 2.7495 1.5287 
3.7500 -3.5355 2.6088 1.8566 
3.7750 -3.9022 2.4286 2.1716 
3.8000 -4.2216 2.2101 2.4689 
3.8250 -4.4901 1.9550 2.7439 
3.8500 -4.7044 1.6657 2.9920 
3.8750 -4.8618 1.3451 3.2089 
3.9000 -4.9606 0.9965 3.3907 
3.9250 -4.9994 0.6240 3.5337 
3.9500 -4.9778 0.2319 3.6349 
3.9750 -4.8961 -0.1750 3.6916 
4.0000 -4.7553 -0.5914 3.7017 
4.0250 -4.5570 -1.0121 3.6639 
4.0500 -4.3037 -1.4312 3.5772 
4.0750 -3.9984 -1.8430 3.4416 
4.1000 -3.6448 -2.2418 3.2577 
4.1250 -3.2472 -2.6216 3.0268 
4.1500 -2.8104 -2.9770 2.7508 
4.1750 -2.3396 -3.3024 2.4325 
4.2000 -1.8406 -3.5927 2.0751 
4.2250 -1.3194 -3.8431 1.6827 
4.2500 -0.7822 -4.0494 1.2599 
4.2750 -0.2355 -4.2079 0.8117 
4.3000 0.3140 -4.3153 0.3438 
4.3250 0.8596 -4.3693 -0.1380 
4.3500 1.3950 -4.3681 -0.6273 
4.3750 1.9134 -4.3106 -1.1178 
4.4000 2.4088 -4.1966 -1.6026 
4.4250 2.8750 -4.0268 -2.0753 
4.4500 3.3066 -3.8024 -2.5291 
4.4750 3.6982 -3.5258 -2.9577 
4.5000 4.0451 -3.1997 -3.3549 
4.5250 4.3432 -2.8279 -3.7149 
4.5500 4.5888 -2.4148 -4.0323 
4.5750 4.7790 -1.9653 -4.3023 
4.6000 4.9114 -1.4852 -4.5207 
4.6250 4.9846 -0.9805 -4.6839 
4.6500 4.9975 -0.4577 -4.7891 
4.6750 4.9501 0.0763 -4.8343 
4.7000 4.8429 0.6145 -4.8183 
4.7250 4.6772 1.1497 -4.7407 
4.7500 4.4550 1.6747 -4.6022 
4.7750 4.1790 2.1824 -4.4040 
4.8000 3.8526 2.6657 -4.1484 
4.8250 3.4796 3.1182 -3.8385 
4.8500 3.0645 3.5335 -3.4782 
4.8750 2.6125 3.9060 -3.0719 
4.9000 2.1289 4.2304 -2.6250 
4.9250 1.6196 4.5022 -2.1432 
4.9500 1.0907 4.7177 -1.6329 
4.9750 0.5487 4.8738 -1.1009 
5.0000 0.0000 4.9683 -0.5541 
5.0250 -0.5487 5.0000 -0.0000 
5.0500 -1.0907 4.9683 0.5541 
5.0750 -1.6196 4.8738 1.1009 
5.1000 -2.1289 4.7177 1.6329 
5.1250 -2.6125 4.5022 2.1432 
5.1500 -3.0645 4.2304 2.6250 
5.1750 -3.4796 3.9060 3.0719 
5.2000 -3.8526 3.5335 3.4782 
5.2250 -4.1790 3.1182 3.8385 
5.2500 -4.4550 2.6657 4.1484 
5.2750 -4.6772 2.1824 4.4040 
5.3000 -4.8429 1.6747 4.6022 
5.3250 -4.9501 1.1497 4.7407 
5.3500 -4.9975 0.6145 4.8183 
5.3750 -4.9846 0.0763 4.8343 
5.4000 -4.9114 -0.4577 4.7891 
5.4250 -4.7790 -0.9805 4.6839 
5.4500 -4.5888 -1.4852 4.5207 
5.4750 -4.3432 -1.9653 4.3023 
5.5000 -4.0451 -2.4148 4.0323 
5.5250 -3.6982 -2.8279 3.7149 
5.5500 -3.3066 -3.1997 3.3549 
5.5750 -2.8750 -3.5258 2.9577 
5.6000 -2.4088 -3.8024 2.5291 
5.6250 -1.9134 -4.0268 2.0753 
5.6500 -1.3950 -4.1966 1.6026 
5.6750 -0.8596 -4.3106 1.1178 
5.7000 -0.3140 -4.3681 0.6273 
5.7250 0.2355 -4.3693 0.1380 
5.7500 0.7822 -4.3153 -0.3438 
5.7750 1.3194 -4.2079 -0.8117 
5.8000 1.8406 -4.0494 -1.2599 
5.8250 2.3396 -3.8431 -1.6827 
5.8500 2.8104 -3.5927 -2.0751 
5.8750 3.2472 -3.3024 -2.4325 
5.9000 3.6448 -2.9770 -2.7508 
5.9250 3.9984 -2.6216 -3.0268 
5.9500 4.3037 -2.2418 -3.2577 
5.9750 4.5570 -1.8430 -3.4416 
6.0000 4.7553 -1.4312 -3.5772 
6.0250 4.8961 -1.0121 -3.6639 
6.0500 4.9778 -0.5914 -3.7017 
6.0750 4.9994 -0.1750 -3.6916 
6.1000 4.9606 0.2319 -3.6349 
6.1250 4.8618 0.6240 -3.5337 
6.1500 4.7044 0.9965 -3.3907 
6.1750 4.4901 1.3451 -3.2089 
6.2000 4.2216 1.6657 -2.9920 
6.2250 3.9022 1.9550 -2.7439 
6.2500 3.5355 2.2101 -2.4689 
6.2750 3.1262 2.4286 -2.1716 
6.3000 2.6791 2.6088 -1.8566 
6.3250 2.1997 2.7495 -1.5287 
6.3500 1.6937 2.8503 -1.1929 
6.3750 1.1672 2.9111 -0.8538 
6.4000 0.6267 2.9325 -0.5161 
6.4250 0.0785 2.9157 -0.1844 
6.4500 -0.4705 2.8622 0.1373 
6.4750 -1.0139 2.7741 0.4448 
6.5000 -1.5451 2.6540 0.7347 
6.5250 -2.0576 2.5046 1.0037 
6.5500 -2.5452 2.3291 1.2489 
6.5750 -3.0021 2.1309 1.4681 
6.6000 -3.4227 1.9136 1.6594 
6.6250 -3.8020 1.6809 1.8212 
6.6500 -4.1354 1.4366 1.9527 
6.6750 -4.4188 1.1844 2.0532 
6.7000 -4.6489 0.9281 2.1229 
6.7250 -4.8228 0.6714 2.1621 
6.7500 -4.9384 0.4177 2.1717 
6.7750 -4.9944 0.1703 2.1527 
6.8000 -4.9901 -0.0677 2.1068 
6.8250 -4.9255 -0.2936 2.0358 
6.8500 -4.8015 -0.5047 1.9419 
6.8750 -4.6194 -0.6990 1.8273 
6.9000 -4.3815 -0.8746 1.6948 
6.9250 -4.0907 -1.0301 1.5468 
6.9500 -3.7506 -1.1643 1.3863 
6.9750 -3.3651 -1.2764 1.2160 
7.0000 -2.9389 -1.3661 1.0387 
7.0250 -2.4773 -1.4332 0.8572 
7.0500 -1.9857 -1.4780 0.6742 
7.0750 -1.4702 -1.5012 0.4923 
7.1000 -0.9369 -1.5034 0.3138 
7.1250 -0.3923 -1.4857 0.1412 
7.1500 0.1571 -1.4496 -0.0237 
7.1750 0.7045 -1.3966 -0.1789 
7.2000 1.2434 -1.3282 -0.3229 
7.2250 1.7674 -1.2463 -0.4543 
7.2500 2.2700 -1.1527 -0.5720 
7.2750 2.7451 -1.0495 -0.6752 
7.3000 3.1871 -0.9386 -0.7634 
7.3250 3.5906 -0.8221 -0.8361 
7.3500 3.9508 -0.7017 -0.8933 
7.3750 4.2632 -0.5795 -0.9351 
7.4000 4.5241 -0.4572 -0.9619 
7.4250 4.7304 -0.3366 -0.9743 
7.4500 4.8796 -0.2192 -0.9729 
7.4750 4.9698 -0.1064 -0.9586 
7.5000 5.0000 0.0005 -0.9325 
7.5250 4.9698 0.1004 -0.8956 
7.5500 4.8796 0.1923 -0.8492 
7.5750 4.7304 0.2755 -0.7945 
7.6000 4.5241 0.3494 -0.7329 
7.6250 4.2632 0.4135 -0.6656 
7.6500 3.9508 0.4677 -0.5940 
7.6750 3.5906 0.5118 -0.5194 
7.7000 3.1871 0.5459 -0.4430 
7.7250 2.7451 0.5703 -0.3660 
7.7500 2.2700 0.5852 -0.2896 
7.7750 1.7674 0.5911 -0.2147 
7.8000 1.2434 0.5885 -0.1424 
7.8250 0.7045 0.5781 -0.0734 
7.8500 0.1571 0.5607 -0.0085 
7.8750 -0.3923 0.5369 0.0516 
7.9000 -0.9369 0.5075 0.1065 
7.9250 -1.4702 0.4735 0.1559 
7.9500 -1.9857 0.4355 0.1993 
7.9750 -2.4773 0.3946 0.2366 
8.0000 -2.9389 0.3513 0.2678 
8.0250 -3.3651 0.3067 0.2928 
8.0500 -3.7506 0.2613 0.3119 
8.0750 -4.0907 0.2160 0.3251 
8.1000 -4.3815 0.1713 0.3328 
8.1250 -4.6194 0.1278 0.3352 
8.1500 -4.8015 0.0861 0.3328 
8.1750 -4.9255 0.0466 0.3260 
8.2000 -4.9901 0.0098 0.3152 
8.2250 -4.9944 -0.0241 0.3009 
8.2500 -4.9384 -0.0549 0.2836 
8.2750 -4.8228 -0.0822 0.2638 
8.3000 -4.6489 -0.1061 0.2420 
8.3250 -4.4188 -0.1264 0.2186 
8.3500 -4.1354 -0.1432 0.1942 
8.3750 -3.8020 -0.1566 0.1692 
8.4000 -3.4227 -0.1665 0.1441 
8.4250 -3.0021 -0.1732 0.1190 
8.4500 -2.5452 -0.1769 0.0946 
8.4750 -2.0576 -0.1777 0.0710 
8.5000 -1.5451 -0.1759 0.0485 
8.5250 -1.0139 -0.1718 0.0273 
8.5500 -0.4705 -0.1656 0.0078 
8.5750 0.0785 -0.1576 -0.0101 
8.6000 0.6267 -0.1481 -0.0262 
8.6250 1.1672 -0.1374 -0.0405 
8.6500 1.6937 -0.1256 -0.0527 
8.6750 2.1997 -0.1132 -0.0631 
8.7000 2.6791 -0.1004 -0.0716 
8.7250 3.1262 -0.0873 -0.0782 
8.7500 3.5355 -0.0742 -0.0831 
8.7750 3.9022 -0.0613 -0.0863 
8.8000 4.2216 -0.0488 -0.0879 
8.8250 4.4901 -0.0368 -0.0881 
8.8500 4.7044 -0.0254 -0.0869 
8.8750 4.8618 -0.0148 -0.0846 
8.9000 4.9606 -0.0051 -0.0813 
8.9250 4.9994 0.0037 -0.0772 
8.9500 4.9778 0.0116 -0.0723 
8.9750 4.8961 0.0185 -0.0669 
9.0000 4.7553 0.0245 -0.0610 
9.0250 4.5570 0.0294 -0.0548 
9.0500 4.3037 0.0334 -0.0485 
9.0750 3.9984 0.0365 -0.0421 
9.1000 3.6448 0.0387 -0.0357 
9.1250 3.2472 0.0402 -0.0295 
9.1500 2.8104 0.0408 -0.0235 
9.1750 2.3396 0.0408 -0.0178 
9.2000 1.8406 0.0402 -0.0124 
9.2250 1.3194 0.0390 -0.0075 
9.2500 0.7822 0.0373 -0.0029 
9.2750 0.2355 0.0353 0.0012 
9.3000 -0.3140 0.0330 0.0048 
9.3250 -0.8596 0.0304 0.0079 
9.3500 -1.3950 0.0277 0.0106 
9.3750 -1.9134 0.0248 0.0128 
9.4000 -2.4088 0.0219 0.0146 
9.4250 -2.8750 0.0190 0.0159 
9.4500 -3.3066 0.0161 0.0169 
9.4750 -3.6982 0.0133 0.0175 
9.5000 -4.0451 0.0106 0.0177 
9.5250 -4.3432 0.0080 0.0177 
9.5500 -4.5888 0.0057 0.0173 
9.5750 -4.7790 0.0035 0.0168 
9.6000 -4.9114 0.0015 0.0160 
9.6250 -4.9846 -0.0003 0.0151 
9.6500 -4.9975 -0.0018 0.0141 
9.6750 -4.9501 -0.0032 0.0129 
9.7000 -4.8429 -0.0043 0.0117 
9.7250 -4.6772 -0.0052 0.0105 
9.7500 -4.4550 -0.0059 0.0092 
9.7750 -4.1790 -0.0065 0.0080 
9.8000 -3.8526 -0.0069 0.0068 
9.8250 -3.4796 -0.0071 0.0056 
9.8500 -3.0645 -0.0072 0.0044 
9.8750 -2.6125 -0.0071 0.0034 
9.9000 -2.1289 -0.0070 0.0024 
9.9250 -1.6196 -0.0068 0.0015 
9.9500 -1.0907 -0.0064 0.0007 
9.9750 -0.5487 -0.0060 -0.0000 
10.0000 -0.0000 -0.0056 -0.0006 