0.5000 0.0038 0.0046 
0.5250 0.0194 0.0068 
0.5500 0.0564 0.0133 
0.5750 0.1328 0.0266 
0.6000 0.2842 0.0543 
0.6250 0.5778 0.0921 
0.6500 1.1476 0.1472 
0.6750 1.9456 0.1807 
0.7000 1.9309 0.1682 
0.7250 1.1502 0.1210 
0.7500 0.5864 0.0595 
0.7750 0.2886 0.0173 
0.8000 0.1358 0.0012 
0.8250 0.0580 0.0023 
0.8500 0.0205 0.0128 
0.8750 0.0046 0.0270 
0.9000 0.0001 0.0425 
0.9250 0.0014 0.0555 
0.9500 0.0051 0.0653 
0.9750 0.0096 0.0727 
1.0000 0.0137 0.0785 
1.0250 0.0182 0.0832 
1.0500 0.0227 0.0866 
1.0750 0.0261 0.0889 
1.1000 0.0274 0.0881 
1.1250 0.0264 0.0854 
1.1500 0.0238 0.0797 
1.1750 0.0204 0.0710 
1.2000 0.0170 0.0624 
1.2250 0.0140 0.0547 
1.2500 0.0111 0.0491 
1.2750 0.0084 0.0449 
1.3000 0.0056 0.0406 
1.3250 0.0032 0.0345 
1.3500 0.0019 0.0281 
1.3750 0.0012 0.0222 
1.4000 0.0009 0.0173 
1.4250 0.0006 0.0143 
1.4500 0.0006 0.0140 
1.4750 0.0004 0.0129 
1.5000 0.0002 0.0118 
1.5250 0.0000 0.0089 
1.5500 0.0003 0.0066 
1.5750 0.0009 0.0049 
1.6000 0.0012 0.0044 
1.6250 0.0013 0.0038 
1.6500 0.0016 0.0028 
1.6750 0.0018 0.0034 
1.7000 0.0018 0.0034 
1.7250 0.0018 0.0032 
1.7500 0.0016 0.0032 
1.7750 0.0013 0.0031 
1.8000 0.0010 0.0026 
1.8250 0.0012 0.0018 
1.8500 0.0021 0.0015 
1.8750 0.0040 0.0011 
1.9000 0.0064 0.0008 
1.9250 0.0082 0.0005 
1.9500 0.0086 0.0002 
1.9750 0.0079 0.0001 
2.0000 0.0070 0.0001 
2.0250 0.0056 0.0000 
2.0500 0.0047 0.0000 
2.0750 0.0053 0.0003 
2.1000 0.0078 0.0015 
2.1250 0.0113 0.0027 
2.1500 0.0151 0.0043 
2.1750 0.0167 0.0054 
2.2000 0.0142 0.0049 
2.2250 0.0100 0.0034 
2.2500 0.0067 0.0018 
2.2750 0.0046 0.0012 
2.3000 0.0032 0.0007 
2.3250 0.0020 0.0004 
2.3500 0.0009 0.0001 
2.3750 0.0002 0.0000 
2.4000 0.0000 0.0002 
2.4250 0.0000 0.0006 
2.4500 0.0000 0.0010 
2.4750 0.0000 0.0023 
2.5000 0.0000 0.0031 
2.5250 0.0000 0.0033 
2.5500 0.0000 0.0037 
2.5750 0.0003 0.0024 
2.6000 0.0012 0.0010 
2.6250 0.0023 0.0004 
2.6500 0.0035 0.0000 
2.6750 0.0045 0.0000 
2.7000 0.0051 0.0001 
2.7250 0.0054 0.0008 
2.7500 0.0050 0.0017 
2.7750 0.0040 0.0020 
2.8000 0.0025 0.0023 
2.8250 0.0010 0.0030 
2.8500 0.0002 0.0031 
2.8750 0.0000 0.0046 
2.9000 0.0001 0.0040 
2.9250 0.0002 0.0035 
2.9500 0.0005 0.0031 
2.9750 0.0011 0.0013 
3.0000 0.0022 0.0011 
3.0250 0.0044 0.0002 
3.0500 0.0087 0.0000 
3.0750 0.0138 0.0005 
3.1000 0.0173 0.0022 
3.1250 0.0178 0.0023 
3.1500 0.0194 0.0029 
3.1750 0.0217 0.0037 
3.2000 0.0241 0.0047 
3.2250 0.0267 0.0070 
3.2500 0.0292 0.0117 
3.2750 0.0304 0.0202 
3.3000 0.0308 0.0278 
3.3250 0.0309 0.0296 
3.3500 0.0305 0.0292 
3.3750 0.0290 0.0225 
3.4000 0.0265 0.0161 
3.4250 0.0226 0.0108 
3.4500 0.0167 0.0084 
3.4750 0.0096 0.0079 
3.5000 0.0027 0.0104 
3.5250 0.0001 0.0188 
3.5500 0.0071 0.0428 
3.5750 0.0338 0.0898 
3.6000 0.0932 0.1786 
3.6250 0.1988 0.3533 
3.6500 0.3149 0.4592 
3.6750 0.4150 0.6885 
3.7000 0.4334 0.5204 
3.7250 0.3723 0.3852 
3.7500 0.2688 0.2112 
3.7750 0.1758 0.1026 
3.8000 0.1087 0.0429 
3.8250 0.0605 0.0087 
3.8500 0.0304 0.0004 
3.8750 0.0134 0.0025 
3.9000 0.0053 0.0119 
3.9250 0.0012 0.0242 
3.9500 0.0000 0.0399 
3.9750 0.0012 0.0569 
4.0000 0.0052 0.0728 
4.0250 0.0103 0.0882 
4.0500 0.0162 0.0997 
4.0750 0.0200 0.1043 
4.1000 0.0220 0.1034 
4.1250 0.0216 0.0965 
4.1500 0.0201 0.0906 
4.1750 0.0191 0.0862 
4.2000 0.0180 0.0818 
4.2250 0.0172 0.0783 
4.2500 0.0164 0.0728 
4.2750 0.0158 0.0693 
4.3000 0.0159 0.0636 
4.3250 0.0152 0.0538 
4.3500 0.0132 0.0459 
4.3750 0.0105 0.0366 
4.4000 0.0076 0.0293 
4.4250 0.0050 0.0222 
4.4500 0.0028 0.0165 
4.4750 0.0016 0.0146 
4.5000 0.0015 0.0127 
4.5250 0.0020 0.0122 