0.5000 0.0056 0.0169 
0.5250 0.0073 0.0167 
0.5500 0.0086 0.0154 
0.5750 0.0099 0.0132 
0.6000 0.0109 0.0102 
0.6250 0.0107 0.0067 
0.6500 0.0093 0.0034 
0.6750 0.0080 0.0018 
0.7000 0.0073 0.0005 
0.7250 0.0078 0.0000 
0.7500 0.0100 0.0000 
0.7750 0.0124 0.0000 
0.8000 0.0141 0.0001 
0.8250 0.0142 0.0000 
0.8500 0.0121 0.0003 
0.8750 0.0099 0.0005 
0.9000 0.0076 0.0017 
0.9250 0.0046 0.0022 
0.9500 0.0018 0.0030 
0.9750 0.0004 0.0040 
1.0000 0.0000 0.0059 
1.0250 0.0007 0.0072 
1.0500 0.0021 0.0099 
1.0750 0.0040 0.0116 
1.1000 0.0056 0.0142 
1.1250 0.0061 0.0134 
1.1500 0.0047 0.0088 
1.1750 0.0034 0.0052 
1.2000 0.0017 0.0007 
1.2250 0.0002 0.0006 
1.2500 0.0002 0.0041 
1.2750 0.0013 0.0118 
1.3000 0.0026 0.0195 
1.3250 0.0036 0.0227 
1.3500 0.0048 0.0269 
1.3750 0.0065 0.0279 
1.4000 0.0083 0.0307 
1.4250 0.0107 0.0366 
1.4500 0.0123 0.0374 
1.4750 0.0132 0.0381 
1.5000 0.0137 0.0335 
1.5250 0.0131 0.0275 
1.5500 0.0135 0.0224 
1.5750 0.0143 0.0172 
1.6000 0.0149 0.0115 
1.6250 0.0143 0.0066 
1.6500 0.0131 0.0036 
1.6750 0.0124 0.0020 
1.7000 0.0117 0.0004 
1.7250 0.0103 0.0002 
1.7500 0.0089 0.0000 
1.7750 0.0083 0.0001 
1.8000 0.0073 0.0002 
1.8250 0.0056 0.0003 
1.8500 0.0040 0.0006 
1.8750 0.0030 0.0006 
1.9000 0.0021 0.0009 
1.9250 0.0009 0.0009 
1.9500 0.0001 0.0005 
1.9750 0.0002 0.0009 
2.0000 0.0011 0.0006 
2.0250 0.0024 0.0008 
2.0500 0.0035 0.0003 
2.0750 0.0037 0.0002 
2.1000 0.0037 0.0000 
2.1250 0.0038 0.0000 
2.1500 0.0028 0.0000 
2.1750 0.0011 0.0001 
2.2000 0.0001 0.0001 
2.2250 0.0003 0.0000 
2.2500 0.0022 0.0002 
2.2750 0.0062 0.0009 
2.3000 0.0094 0.0003 
2.3250 0.0131 0.0004 
2.3500 0.0168 0.0002 
2.3750 0.0203 0.0004 
2.4000 0.0240 0.0015 
2.4250 0.0268 0.0043 
2.4500 0.0282 0.0109 
2.4750 0.0283 0.0124 
2.5000 0.0282 0.0113 
2.5250 0.0277 0.0069 
2.5500 0.0263 0.0017 
2.5750 0.0242 0.0002 
2.6000 0.0198 0.0000 
2.6250 0.0138 0.0000 
2.6500 0.0073 0.0003 
2.6750 0.0017 0.0036 
2.7000 0.0002 0.0158 
2.7250 0.0078 0.0593 
2.7500 0.0358 0.1359 
2.7750 0.0988 0.3425 
2.8000 0.1895 0.6001 
2.8250 0.2409 0.7659 
2.8500 0.2390 1.0101 
2.8750 0.1612 0.4343 
2.9000 0.0861 0.2593 
2.9250 0.0357 0.0877 
2.9500 0.0112 0.0197 
2.9750 0.0023 0.0015 
3.0000 0.0001 0.0019 
3.0250 0.0001 0.0085 
3.0500 0.0003 0.0143 
3.0750 0.0002 0.0192 
3.1000 0.0002 0.0231 
3.1250 0.0001 0.0282 
3.1500 0.0009 0.0345 
3.1750 0.0027 0.0430 
3.2000 0.0057 0.0540 
3.2250 0.0103 0.0643 
3.2500 0.0130 0.0708 
3.2750 0.0136 0.0716 
3.3000 0.0126 0.0693 
3.3250 0.0106 0.0660 
3.3500 0.0092 0.0650 
3.3750 0.0081 0.0701 
3.4000 0.0066 0.0656 
3.4250 0.0059 0.0654 
3.4500 0.0064 0.0654 
3.4750 0.0075 0.0611 
3.5000 0.0083 0.0597 
3.5250 0.0087 0.0591 
3.5500 0.0089 0.0556 
3.5750 0.0089 0.0517 
3.6000 0.0081 0.0458 
3.6250 0.0070 0.0425 
3.6500 0.0066 0.0406 
3.6750 0.0068 0.0356 
3.7000 0.0078 0.0326 
3.7250 0.0094 0.0296 
3.7500 0.0105 0.0268 
3.7750 0.0110 0.0232 
3.8000 0.0114 0.0183 
3.8250 0.0111 0.0126 
3.8500 0.0107 0.0078 
3.8750 0.0103 0.0052 
3.9000 0.0096 0.0039 
3.9250 0.0077 0.0023 
3.9500 0.0060 0.0022 
3.9750 0.0049 0.0013 
4.0000 0.0039 0.0010 
4.0250 0.0027 0.0003 
4.0500 0.0018 0.0001 
4.0750 0.0013 0.0000 
4.1000 0.0007 0.0001 
4.1250 0.0001 0.0006 
4.1500 0.0001 0.0016 
4.1750 0.0010 0.0032 
4.2000 0.0020 0.0050 
4.2250 0.0017 0.0055 
4.2500 0.0007 0.0047 
4.2750 0.0000 0.0029 
4.3000 0.0001 0.0016 
4.3250 0.0003 0.0009 
4.3500 0.0001 0.0011 
4.3750 0.0000 0.0009 
4.4000 0.0000 0.0001 
4.4250 0.0000 0.0000 
4.4500 0.0000 0.0009 
4.4750 0.0000 0.0028 
4.5000 0.0000 0.0052 
4.5250 0.0000 0.0066 
4.5500 0.0001 0.0064 
4.5750 0.0005 0.0063 
4.6000 0.0013 0.0063 
4.6250 0.0024 0.0066 
4.6500 0.0039 0.0070 
4.6750 0.0058 0.0077 
4.7000 0.0078 0.0077 
4.7250 0.0073 0.0100 
4.7500 0.0048 0.0123 
4.7750 0.0020 0.0181 
4.8000 0.0004 0.0211 
4.8250 0.0001 0.0245 
4.8500 0.0007 0.0228 
4.8750 0.0011 0.0178 
4.9000 0.0011 0.0140 
4.9250 0.0015 0.0123 
4.9500 0.0021 0.0118 
4.9750 0.0026 0.0123 
5.0000 0.0030 0.0138 
5.0250 0.0035 0.0145 
5.0500 0.0044 0.0132 
5.0750 0.0060 0.0132 
5.1000 0.0079 0.0135 
5.1250 0.0089 0.0120 
5.1500 0.0084 0.0111 
5.1750 0.0068 0.0082 
5.2000 0.0043 0.0046 
5.2250 0.0022 0.0032 
5.2500 0.0011 0.0024 
5.2750 0.0005 0.0020 
5.3000 0.0004 0.0023 
5.3250 0.0004 0.0025 
5.3500 0.0006 0.0021 
5.3750 0.0010 0.0022 
5.4000 0.0017 0.0024 
5.4250 0.0028 0.0039 
5.4500 0.0041 0.0055 
5.4750 0.0050 0.0089 
5.5000 0.0048 0.0099 
5.5250 0.0039 0.0101 
5.5500 0.0031 0.0099 
5.5750 0.0027 0.0085 
5.6000 0.0029 0.0075 
5.6250 0.0037 0.0073 
5.6500 0.0044 0.0073 
5.6750 0.0042 0.0052 
5.7000 0.0036 0.0040 
5.7250 0.0037 0.0023 
5.7500 0.0044 0.0009 
5.7750 0.0055 0.0007 
5.8000 0.0064 0.0006 
5.8250 0.0071 0.0008 
5.8500 0.0070 0.0007 
5.8750 0.0067 0.0006 
5.9000 0.0062 0.0010 
5.9250 0.0058 0.0019 
5.9500 0.0048 0.0027 
5.9750 0.0042 0.0052 
6.0000 0.0032 0.0061 
6.0250 0.0019 0.0080 
6.0500 0.0009 0.0087 
6.0750 0.0002 0.0079 
6.1000 0.0000 0.0058 
6.1250 0.0002 0.0044 
6.1500 0.0002 0.0038 
6.1750 0.0000 0.0027 
6.2000 0.0000 0.0024 
6.2250 0.0000 0.0024 
6.2500 0.0002 0.0030 
6.2750 0.0009 0.0033 
6.3000 0.0019 0.0037 
6.3250 0.0026 0.0034 
6.3500 0.0034 0.0032 
6.3750 0.0048 0.0033 
6.4000 0.0063 0.0024 
6.4250 0.0074 0.0029 
6.4500 0.0081 0.0032 
6.4750 0.0083 0.0026 
6.5000 0.0081 0.0023 
6.5250 0.0066 0.0017 
6.5500 0.0044 0.0015 
6.5750 0.0028 0.0019 
6.6000 0.0019 0.0022 
6.6250 0.0017 0.0031 
6.6500 0.0017 0.0039 
6.6750 0.0021 0.0050 
6.7000 0.0025 0.0062 
6.7250 0.0024 0.0061 
6.7500 0.0018 0.0054 
6.7750 0.0011 0.0035 
6.8000 0.0006 0.0021 
6.8250 0.0004 0.0006 
6.8500 0.0002 0.0000 
6.8750 0.0001 0.0000 
6.9000 0.0003 0.0000 
6.9250 0.0007 0.0000 
6.9500 0.0016 0.0006 
6.9750 0.0028 0.0019 
7.0000 0.0039 0.0042 
7.0250 0.0051 0.0067 
7.0500 0.0063 0.0089 
7.0750 0.0068 0.0082 
7.1000 0.0066 0.0081 
7.1250 0.0060 0.0076 
7.1500 0.0052 0.0060 
7.1750 0.0040 0.0053 
7.2000 0.0029 0.0057 
7.2250 0.0022 0.0062 
7.2500 0.0021 0.0076 
7.2750 0.0027 0.0099 
7.3000 0.0030 0.0120 
7.3250 0.0030 0.0136 
7.3500 0.0028 0.0149 
7.3750 0.0023 0.0142 
7.4000 0.0013 0.0120 
7.4250 0.0004 0.0105 
7.4500 0.0000 0.0090 
7.4750 0.0000 0.0084 
7.5000 0.0002 0.0075 
7.5250 0.0003 0.0069 
7.5500 0.0002 0.0072 
7.5750 0.0001 0.0067 
7.6000 0.0000 0.0078 
7.6250 0.0000 0.0079 
7.6500 0.0002 0.0079 
7.6750 0.0003 0.0086 
7.7000 0.0006 0.0083 
7.7250 0.0011 0.0089 
7.7500 0.0018 0.0081 
7.7750 0.0032 0.0088 
7.8000 0.0053 0.0123 
7.8250 0.0074 0.0127 
7.8500 0.0092 0.0130 
7.8750 0.0102 0.0105 
7.9000 0.0109 0.0070 
7.9250 0.0117 0.0048 
7.9500 0.0128 0.0029 
7.9750 0.0124 0.0016 
8.0000 0.0109 0.0012 
8.0250 0.0093 0.0006 
8.0500 0.0078 0.0004 
8.0750 0.0058 0.0002 
8.1000 0.0035 0.0000 
8.1250 0.0025 0.0002 
8.1500 0.0026 0.0006 
8.1750 0.0022 0.0011 
8.2000 0.0010 0.0018 
8.2250 0.0000 0.0015 
8.2500 0.0004 0.0007 
8.2750 0.0017 0.0001 
8.3000 0.0028 0.0000 
8.3250 0.0029 0.0001 
8.3500 0.0022 0.0002 
8.3750 0.0013 0.0000 
8.4000 0.0007 0.0001 
8.4250 0.0004 0.0000 
8.4500 0.0002 0.0000 
8.4750 0.0001 0.0001 
8.5000 0.0000 0.0005 
8.5250 0.0001 0.0012 
8.5500 0.0002 0.0029 
8.5750 0.0004 0.0050 
8.6000 0.0006 0.0062 
8.6250 0.0007 0.0065 
8.6500 0.0008 0.0068 
8.6750 0.0007 0.0058 
8.7000 0.0006 0.0050 
8.7250 0.0005 0.0037 
8.7500 0.0004 0.0028 
8.7750 0.0004 0.0024 
8.8000 0.0007 0.0031 
8.8250 0.0014 0.0044 
8.8500 0.0025 0.0054 
8.8750 0.0035 0.0064 
8.9000 0.0033 0.0054 
8.9250 0.0024 0.0044 
8.9500 0.0012 0.0022 
8.9750 0.0005 0.0010 
9.0000 0.0002 0.0003 
9.0250 0.0000 0.0001 
9.0500 0.0000 0.0001 
9.0750 0.0001 0.0001 
9.1000 0.0002 0.0001 
9.1250 0.0005 0.0001 
9.1500 0.0005 0.0002 
9.1750 0.0004 0.0002 
9.2000 0.0005 0.0003 
9.2250 0.0006 0.0007 
9.2500 0.0011 0.0006 
9.2750 0.0017 0.0011 
9.3000 0.0022 0.0011 
9.3250 0.0023 0.0014 
9.3500 0.0022 0.0016 
9.3750 0.0017 0.0028 
9.4000 0.0011 0.0037 
9.4250 0.0004 0.0055 
9.4500 0.0000 0.0076 
9.4750 0.0001 0.0086 
9.5000 0.0002 0.0091 
9.5250 0.0001 0.0087 
9.5500 0.0000 0.0065 
9.5750 0.0001 0.0053 
9.6000 0.0004 0.0046 
9.6250 0.0010 0.0038 
9.6500 0.0020 0.0036 
9.6750 0.0030 0.0036 
9.7000 0.0040 0.0022 
9.7250 0.0041 0.0018 
9.7500 0.0036 0.0010 
9.7750 0.0027 0.0005 
9.8000 0.0014 0.0007 
9.8250 0.0004 0.0003 
9.8500 0.0000 0.0004 
9.8750 0.0004 0.0001 
9.9000 0.0011 0.0000 
9.9250 0.0017 0.0000 
9.9500 0.0027 0.0000 
9.9750 0.0038 0.0000 
10.0000 0.0053 0.0000 
10.0250 0.0067 0.0000 
10.0500 0.0072 0.0000 
10.0750 0.0072 0.0000 
10.1000 0.0073 0.0000 
10.1250 0.0078 0.0000 
10.1500 0.0092 0.0002 
10.1750 0.0109 0.0005 
10.2000 0.0126 0.0009 
10.2250 0.0138 0.0020 
10.2500 0.0147 0.0036 
10.2750 0.0150 0.0067 
10.3000 0.0153 0.0100 
10.3250 0.0160 0.0135 
10.3500 0.0165 0.0157 
10.3750 0.0164 0.0172 
10.4000 0.0162 0.0181 
10.4250 0.0157 0.0195 
10.4500 0.0142 0.0206 
10.4750 0.0117 0.0207 
10.5000 0.0081 0.0192 
10.5250 0.0043 0.0170 
10.5500 0.0011 0.0152 
10.5750 0.0000 0.0136 
10.6000 0.0029 0.0126 
10.6250 0.0115 0.0126 
10.6500 0.0272 0.0127 
10.6750 0.0505 0.0128 
10.7000 0.0796 0.0117 
10.7250 0.1122 0.0098 
10.7500 0.1452 0.0071 
10.7750 0.1735 0.0043 
10.8000 0.1915 0.0025 
10.8250 0.1901 0.0007 
10.8500 0.1687 0.0000 
10.8750 0.1349 0.0007 
10.9000 0.0995 0.0031 
10.9250 0.0668 0.0074 
10.9500 0.0400 0.0131 
10.9750 0.0204 0.0197 
11.0000 0.0079 0.0279 
11.0250 0.0015 0.0370 
11.0500 0.0001 0.0464 
11.0750 0.0023 0.0566 
11.1000 0.0068 0.0669 
11.1250 0.0120 0.0754 
11.1500 0.0165 0.0813 
11.1750 0.0195 0.0835 
11.2000 0.0209 0.0819 
11.2250 0.0206 0.0780 
11.2500 0.0190 0.0721 
11.2750 0.0170 0.0653 
11.3000 0.0150 0.0585 
11.3250 0.0132 0.0521 
11.3500 0.0115 0.0460 
11.3750 0.0098 0.0411 
11.4000 0.0077 0.0362 
11.4250 0.0056 0.0304 
11.4500 0.0037 0.0259 
11.4750 0.0023 0.0213 
11.5000 0.0015 0.0186 
11.5250 0.0011 0.0154 
11.5500 0.0013 0.0143 
11.5750 0.0020 0.0141 
11.6000 0.0031 0.0141 
11.6250 0.0041 0.0155 
11.6500 0.0043 0.0167 
11.6750 0.0035 0.0171 
11.7000 0.0021 0.0143 
11.7250 0.0010 0.0122 
11.7500 0.0002 0.0072 
11.7750 0.0000 0.0047 
11.8000 0.0002 0.0027 
11.8250 0.0004 0.0019 
11.8500 0.0004 0.0017 
11.8750 0.0002 0.0023 
11.9000 0.0000 0.0035 
11.9250 0.0000 0.0058 
11.9500 0.0002 0.0072 
11.9750 0.0005 0.0088 
12.0000 0.0008 0.0093 
12.0250 0.0009 0.0092 
12.0500 0.0010 0.0087 
12.0750 0.0008 0.0071 
12.1000 0.0007 0.0069 
12.1250 0.0006 0.0062 
12.1500 0.0007 0.0068 
12.1750 0.0010 0.0077 
12.2000 0.0011 0.0079 
12.2250 0.0012 0.0074 
12.2500 0.0017 0.0076 
12.2750 0.0022 0.0058 
12.3000 0.0025 0.0062 
12.3250 0.0020 0.0059 
12.3500 0.0009 0.0056 
12.3750 0.0002 0.0059 
12.4000 0.0000 0.0042 
12.4250 0.0005 0.0042 
12.4500 0.0011 0.0037 
12.4750 0.0012 0.0048 
12.5000 0.0008 0.0060 
12.5250 0.0004 0.0057 
12.5500 0.0002 0.0045 
12.5750 0.0002 0.0030 
12.6000 0.0001 0.0011 
12.6250 0.0002 0.0006 
12.6500 0.0002 0.0006 
12.6750 0.0001 0.0009 
12.7000 0.0000 0.0019 
12.7250 0.0000 0.0023 
12.7500 0.0001 0.0031 
12.7750 0.0000 0.0041 
12.8000 0.0000 0.0039 
12.8250 0.0001 0.0050 
12.8500 0.0001 0.0060 
12.8750 0.0000 0.0057 
12.9000 0.0002 0.0040 
12.9250 0.0011 0.0021 
12.9500 0.0015 0.0013 
12.9750 0.0006 0.0006 
13.0000 0.0000 0.0002 
13.0250 0.0012 0.0000 
13.0500 0.0049 0.0005 
13.0750 0.0088 0.0007 
13.1000 0.0115 0.0002 
13.1250 0.0154 0.0003 
13.1500 0.0175 0.0000 
13.1750 0.0206 0.0001 
13.2000 0.0232 0.0007 
13.2250 0.0247 0.0029 
13.2500 0.0244 0.0070 
13.2750 0.0231 0.0061 
13.3000 0.0225 0.0066 
13.3250 0.0210 0.0024 
13.3500 0.0191 0.0002 
13.3750 0.0167 0.0000 
13.4000 0.0124 0.0006 
13.4250 0.0077 0.0006 
13.4500 0.0032 0.0000 
13.4750 0.0003 0.0027 
13.5000 0.0007 0.0174 
13.5250 0.0084 0.0663 
13.5500 0.0291 0.1468 
13.5750 0.0679 0.4098 
13.6000 0.0886 0.5085 
13.6250 0.0731 0.6724 
13.6500 0.0362 0.4962 
13.6750 0.0046 0.1774 
13.7000 0.0004 0.1106 
13.7250 0.0077 0.0451 
13.7500 0.0182 0.0299 
13.7750 0.0272 0.0258 
13.8000 0.0325 0.0270 
13.8250 0.0347 0.0286 
13.8500 0.0330 0.0198 
13.8750 0.0290 0.0086 
13.9000 0.0238 0.0019 
13.9250 0.0158 0.0000 
13.9500 0.0096 0.0005 
13.9750 0.0030 0.0014 
14.0000 0.0000 0.0014 
14.0250 0.0041 0.0003 
14.0500 0.0240 0.0005 
14.0750 0.0752 0.0068 
14.1000 0.1928 0.0305 
14.1250 0.4225 0.0668 
14.1500 0.9511 0.1454 
14.1750 1.6231 0.1900 
14.2000 1.5030 0.1825 
14.2250 0.8642 0.1267 
14.2500 0.4355 0.0577 
14.2750 0.2127 0.0142 
14.3000 0.0971 0.0003 
14.3250 0.0379 0.0045 
14.3500 0.0107 0.0173 
14.3750 0.0011 0.0345 
14.4000 0.0005 0.0522 
14.4250 0.0042 0.0666 
14.4500 0.0089 0.0773 
14.4750 0.0136 0.0847 
14.5000 0.0174 0.0900 
14.5250 0.0214 0.0934 
14.5500 0.0249 0.0939 
14.5750 0.0268 0.0946 
14.6000 0.0266 0.0903 
14.6250 0.0243 0.0857 
14.6500 0.0207 0.0787 
14.6750 0.0171 0.0700 
14.7000 0.0137 0.0621 
14.7250 0.0101 0.0541 
14.7500 0.0067 0.0481 
14.7750 0.0037 0.0434 
14.8000 0.0015 0.0374 
14.8250 0.0003 0.0329 
14.8500 0.0000 0.0258 
14.8750 0.0000 0.0222 
14.9000 0.0000 0.0177 
14.9250 0.0004 0.0175 
14.9500 0.0018 0.0200 
14.9750 0.0049 0.0239 
15.0000 0.0091 0.0319 
15.0250 0.0137 0.0398 
15.0500 0.0180 0.0463 
15.0750 0.0205 0.0483 
15.1000 0.0224 0.0497 
15.1250 0.0227 0.0472 
15.1500 0.0220 0.0448 
15.1750 0.0200 0.0421 
15.2000 0.0163 0.0401 
15.2250 0.0118 0.0344 
15.2500 0.0074 0.0280 
15.2750 0.0042 0.0208 
15.3000 0.0017 0.0123 
15.3250 0.0004 0.0082 
15.3500 0.0000 0.0046 
15.3750 0.0001 0.0029 
15.4000 0.0004 0.0017 
15.4250 0.0005 0.0013 
15.4500 0.0004 0.0017 
15.4750 0.0001 0.0029 
15.5000 0.0000 0.0041 
15.5250 0.0001 0.0060 
15.5500 0.0004 0.0067 
15.5750 0.0006 0.0076 
15.6000 0.0007 0.0067 
15.6250 0.0006 0.0063 
15.6500 0.0005 0.0060 
15.6750 0.0006 0.0060 
15.7000 0.0008 0.0070 
15.7250 0.0010 0.0077 
15.7500 0.0011 0.0073 
15.7750 0.0013 0.0074 
15.8000 0.0019 0.0066 
15.8250 0.0024 0.0055 
15.8500 0.0023 0.0063 
15.8750 0.0015 0.0053 
15.9000 0.0005 0.0060 
15.9250 0.0000 0.0049 
15.9500 0.0002 0.0041 
15.9750 0.0008 0.0039 
16.0000 0.0013 0.0039 
16.0250 0.0011 0.0055 
16.0500 0.0006 0.0060 
16.0750 0.0003 0.0051 
16.1000 0.0002 0.0038 
16.1250 0.0001 0.0020 
16.1500 0.0002 0.0007 
16.1750 0.0002 0.0006 
16.2000 0.0002 0.0006 
16.2250 0.0001 0.0014 
16.2500 0.0000 0.0021 
16.2750 0.0000 0.0027 
16.3000 0.0000 0.0036 
16.3250 0.0000 0.0041 
16.3500 0.0000 0.0040 
16.3750 0.0001 0.0059 
16.4000 0.0001 0.0058 
16.4250 0.0000 0.0052 
16.4500 0.0006 0.0029 
16.4750 0.0015 0.0017 
16.5000 0.0012 0.0010 
16.5250 0.0001 0.0004 
16.5500 0.0003 0.0001 
16.5750 0.0027 0.0000 
16.6000 0.0072 0.0010 
16.6250 0.0097 0.0003 
16.6500 0.0134 0.0003 
16.6750 0.0165 0.0001 
16.7000 0.0190 0.0000 
16.7250 0.0219 0.0004 
16.7500 0.0242 0.0014 
16.7750 0.0247 0.0051 
16.8000 0.0238 0.0069 
16.8250 0.0228 0.0062 
16.8500 0.0219 0.0052 
16.8750 0.0201 0.0008 
16.9000 0.0181 0.0000 
16.9250 0.0148 0.0003 
16.9500 0.0101 0.0007 
16.9750 0.0055 0.0002 
17.0000 0.0015 0.0007 
17.0250 0.0000 0.0069 
17.0500 0.0030 0.0366 
17.0750 0.0165 0.0973 
17.1000 0.0456 0.2411 
17.1250 0.0845 0.5215 
17.1500 0.0827 0.5226 
17.1750 0.0590 0.7408 
17.2000 0.0165 0.2754 
17.2250 0.0005 0.1457 
17.2500 0.0030 0.0729 
17.2750 0.0127 0.0342 
17.3000 0.0229 0.0275 
17.3250 0.0302 0.0257 
17.3500 0.0340 0.0286 
17.3750 0.0344 0.0255 
17.4000 0.0311 0.0141 
17.4250 0.0269 0.0047 
17.4500 0.0199 0.0006 
17.4750 0.0128 0.0001 
17.5000 0.0063 0.0010 
17.5250 0.0009 0.0015 
17.5500 0.0007 0.0010 
17.5750 0.0110 0.0000 
17.6000 0.0431 0.0021 
17.6250 0.1207 0.0158 
17.6500 0.2836 0.0458 
17.6750 0.6208 0.0985 
17.7000 1.3139 0.1780 
17.7250 1.6917 0.1898 
17.7500 1.1924 0.1615 
17.7750 0.6237 0.0920 
17.8000 0.3097 0.0323 
17.8250 0.1475 0.0047 
17.8500 0.0632 0.0006 
17.8750 0.0217 0.0102 
17.9000 0.0044 0.0253 
17.9250 0.0000 0.0436 
17.9500 0.0021 0.0599 
17.9750 0.0065 0.0726 
18.0000 0.0116 0.0817 
18.0250 0.0158 0.0877 
18.0500 0.0198 0.0926 
18.0750 0.0239 0.0940 
18.1000 0.0270 0.0948 
18.1250 0.0281 0.0931 
18.1500 0.0269 0.0879 
18.1750 0.0240 0.0824 
18.2000 0.0203 0.0727 
18.2250 0.0170 0.0637 
18.2500 0.0135 0.0551 
18.2750 0.0099 0.0472 
18.3000 0.0066 0.0426 
18.3250 0.0037 0.0361 
18.3500 0.0016 0.0316 
18.3750 0.0005 0.0257 
18.4000 0.0002 0.0215 
18.4250 0.0001 0.0181 
18.4500 0.0002 0.0154 
18.4750 0.0005 0.0163 
18.5000 0.0013 0.0177 
18.5250 0.0018 0.0193 
18.5500 0.0016 0.0187 
18.5750 0.0013 0.0189 
18.6000 0.0011 0.0162 
18.6250 0.0013 0.0162 
18.6500 0.0017 0.0152 
18.6750 0.0019 0.0144 
18.7000 0.0026 0.0136 
18.7250 0.0036 0.0128 
18.7500 0.0052 0.0152 
18.7750 0.0064 0.0157 
18.8000 0.0070 0.0179 
18.8250 0.0070 0.0195 
18.8500 0.0057 0.0176 
18.8750 0.0038 0.0165 
18.9000 0.0012 0.0113 
18.9250 0.0000 0.0084 
18.9500 0.0007 0.0054 
18.9750 0.0018 0.0033 
19.0000 0.0024 0.0021 
19.0250 0.0020 0.0019 
19.0500 0.0012 0.0017 
19.0750 0.0004 0.0025 
19.1000 0.0000 0.0033 
19.1250 0.0000 0.0046 
19.1500 0.0001 0.0066 
19.1750 0.0003 0.0063 
19.2000 0.0003 0.0066 
19.2250 0.0002 0.0058 
19.2500 0.0001 0.0054 
19.2750 0.0000 0.0043 
19.3000 0.0000 0.0029 
19.3250 0.0000 0.0023 
19.3500 0.0002 0.0014 
19.3750 0.0004 0.0015 
19.4000 0.0004 0.0023 
19.4250 0.0001 0.0046 
19.4500 0.0001 0.0073 
19.4750 0.0005 0.0114 
19.5000 0.0007 0.0106 
19.5250 0.0006 0.0102 
19.5500 0.0003 0.0062 
19.5750 0.0002 0.0035 
19.6000 0.0002 0.0026 
19.6250 0.0000 0.0011 
19.6500 0.0004 0.0007 
19.6750 0.0020 0.0002 
19.7000 0.0039 0.0001 
19.7250 0.0045 0.0000 
19.7500 0.0031 0.0003 
19.7750 0.0008 0.0014 
19.8000 0.0001 0.0045 
19.8250 0.0020 0.0080 
19.8500 0.0045 0.0125 
19.8750 0.0063 0.0138 
19.9000 0.0072 0.0143 
19.9250 0.0080 0.0139 
19.9500 0.0084 0.0134 
19.9750 0.0083 0.0158 
20.0000 0.0077 0.0145 
20.0250 0.0071 0.0165 
20.0500 0.0061 0.0150 
20.0750 0.0042 0.0131 
20.1000 0.0026 0.0128 
20.1250 0.0013 0.0103 
20.1500 0.0006 0.0080 
20.1750 0.0004 0.0061 
20.2000 0.0003 0.0043 
20.2250 0.0002 0.0029 
20.2500 0.0001 0.0015 
20.2750 0.0000 0.0004 
20.3000 0.0001 0.0000 
20.3250 0.0001 0.0006 
20.3500 0.0001 0.0019 
20.3750 0.0001 0.0024 
20.4000 0.0000 0.0022 
20.4250 0.0000 0.0018 
20.4500 0.0003 0.0010 
20.4750 0.0008 0.0006 
20.5000 0.0007 0.0002 
20.5250 0.0003 0.0002 
20.5500 0.0001 0.0001 
20.5750 0.0000 0.0003 
20.6000 0.0000 0.0007 
20.6250 0.0000 0.0006 
20.6500 0.0001 0.0013 
20.6750 0.0004 0.0022 
20.7000 0.0010 0.0036 
20.7250 0.0013 0.0050 
20.7500 0.0011 0.0058 
20.7750 0.0010 0.0061 
20.8000 0.0009 0.0033 
20.8250 0.0008 0.0017 
20.8500 0.0006 0.0005 
20.8750 0.0004 0.0000 
20.9000 0.0003 0.0001 
20.9250 0.0003 0.0006 
20.9500 0.0004 0.0013 
20.9750 0.0007 0.0013 
21.0000 0.0008 0.0018 
21.0250 0.0009 0.0009 
21.0500 0.0011 0.0005 
21.0750 0.0018 0.0002 
21.1000 0.0022 0.0000 
21.1250 0.0016 0.0000 
21.1500 0.0005 0.0000 
21.1750 0.0000 0.0001 
21.2000 0.0007 0.0005 
21.2250 0.0023 0.0009 
21.2500 0.0039 0.0019 
21.2750 0.0052 0.0029 
21.3000 0.0057 0.0039 
21.3250 0.0054 0.0055 
21.3500 0.0043 0.0047 
21.3750 0.0032 0.0051 
21.4000 0.0023 0.0051 
21.4250 0.0016 0.0044 
21.4500 0.0013 0.0042 
21.4750 0.0011 0.0033 
21.5000 0.0011 0.0027 
21.5250 0.0012 0.0021 
21.5500 0.0012 0.0021 
21.5750 0.0012 0.0021 
21.6000 0.0011 0.0020 
21.6250 0.0009 0.0024 
21.6500 0.0007 0.0025 
21.6750 0.0005 0.0030 
21.7000 0.0002 0.0035 
21.7250 0.0000 0.0033 
21.7500 0.0002 0.0040 
21.7750 0.0008 0.0033 
21.8000 0.0021 0.0024 
21.8250 0.0035 0.0027 
21.8500 0.0041 0.0021 
21.8750 0.0038 0.0021 
21.9000 0.0027 0.0034 
21.9250 0.0017 0.0047 
21.9500 0.0009 0.0077 
21.9750 0.0003 0.0095 
22.0000 0.0000 0.0104 
22.0250 0.0000 0.0095 
22.0500 0.0005 0.0082 
22.0750 0.0014 0.0068 
22.1000 0.0033 0.0074 
22.1250 0.0045 0.0057 
22.1500 0.0052 0.0054 
22.1750 0.0059 0.0050 
22.2000 0.0062 0.0034 
22.2250 0.0068 0.0026 
22.2500 0.0077 0.0021 
22.2750 0.0090 0.0019 
22.3000 0.0095 0.0015 
22.3250 0.0087 0.0015 
22.3500 0.0067 0.0009 
22.3750 0.0046 0.0003 
22.4000 0.0027 0.0001 
22.4250 0.0011 0.0000 
22.4500 0.0001 0.0000 
22.4750 0.0004 0.0001 
22.5000 0.0029 0.0000 
22.5250 0.0081 0.0000 
22.5500 0.0148 0.0002 
22.5750 0.0199 0.0003 
22.6000 0.0218 0.0004 
22.6250 0.0208 0.0003 
22.6500 0.0186 0.0004 
22.6750 0.0157 0.0002 
22.7000 0.0129 0.0002 
22.7250 0.0100 0.0004 
22.7500 0.0069 0.0008 
22.7750 0.0042 0.0018 
22.8000 0.0019 0.0019 
22.8250 0.0006 0.0023 
22.8500 0.0001 0.0030 
22.8750 0.0000 0.0033 
22.9000 0.0000 0.0030 
22.9250 0.0000 0.0035 
22.9500 0.0001 0.0022 
22.9750 0.0001 0.0007 
23.0000 0.0000 0.0000 
23.0250 0.0000 0.0010 
23.0500 0.0000 0.0028 
23.0750 0.0004 0.0054 
23.1000 0.0019 0.0067 
23.1250 0.0052 0.0063 
23.1500 0.0106 0.0049 
23.1750 0.0175 0.0037 
23.2000 0.0242 0.0020 
23.2250 0.0291 0.0008 
23.2500 0.0311 0.0002 
23.2750 0.0296 0.0001 
23.3000 0.0235 0.0002 
23.3250 0.0162 0.0003 
23.3500 0.0092 0.0016 
23.3750 0.0044 0.0025 
23.4000 0.0016 0.0032 
23.4250 0.0005 0.0031 
23.4500 0.0000 0.0031 
23.4750 0.0002 0.0031 
23.5000 0.0012 0.0029 
23.5250 0.0029 0.0034 
23.5500 0.0045 0.0039 
23.5750 0.0050 0.0038 
23.6000 0.0045 0.0040 
23.6250 0.0035 0.0039 
23.6500 0.0024 0.0033 
23.6750 0.0015 0.0033 
23.7000 0.0010 0.0024 
23.7250 0.0004 0.0016 
23.7500 0.0001 0.0007 
23.7750 0.0001 0.0000 
23.8000 0.0004 0.0000 
23.8250 0.0014 0.0009 
23.8500 0.0038 0.0015 
23.8750 0.0073 0.0018 
23.9000 0.0112 0.0023 
23.9250 0.0132 0.0013 
23.9500 0.0127 0.0015 
23.9750 0.0095 0.0010 
24.0000 0.0052 0.0005 
24.0250 0.0018 0.0003 
24.0500 0.0003 0.0000 
24.0750 0.0000 0.0001 
24.1000 0.0005 0.0006 
24.1250 0.0012 0.0012 
24.1500 0.0017 0.0022 
24.1750 0.0019 0.0036 
24.2000 0.0024 0.0052 
24.2250 0.0036 0.0074 
24.2500 0.0056 0.0097 
24.2750 0.0071 0.0113 
24.3000 0.0071 0.0115 
24.3250 0.0061 0.0104 
24.3500 0.0046 0.0079 
24.3750 0.0025 0.0054 
24.4000 0.0008 0.0037 
24.4250 0.0001 0.0022 
24.4500 0.0000 0.0017 
24.4750 0.0002 0.0009 
24.5000 0.0004 0.0009 
24.5250 0.0002 0.0010 
24.5500 0.0000 0.0015 
24.5750 0.0001 0.0021 
24.6000 0.0005 0.0029 
24.6250 0.0009 0.0045 
24.6500 0.0011 0.0054 
24.6750 0.0012 0.0065 
24.7000 0.0012 0.0061 
24.7250 0.0011 0.0066 
24.7500 0.0013 0.0072 
24.7750 0.0016 0.0080 
24.8000 0.0022 0.0094 
24.8250 0.0030 0.0111 
24.8500 0.0039 0.0138 
24.8750 0.0046 0.0147 
24.9000 0.0049 0.0155 
24.9250 0.0047 0.0161 
24.9500 0.0039 0.0152 
24.9750 0.0033 0.0145 
25.0000 0.0028 0.0109 
25.0250 0.0023 0.0088 
25.0500 0.0018 0.0069 
25.0750 0.0016 0.0058 
25.1000 0.0017 0.0055 
25.1250 0.0017 0.0052 
25.1500 0.0020 0.0050 
25.1750 0.0024 0.0041 
25.2000 0.0029 0.0039 
25.2250 0.0026 0.0018 
25.2500 0.0022 0.0014 
25.2750 0.0021 0.0012 
25.3000 0.0026 0.0014 
25.3250 0.0029 0.0016 
25.3500 0.0024 0.0018 
25.3750 0.0020 0.0019 
25.4000 0.0017 0.0012 
25.4250 0.0019 0.0011 
25.4500 0.0026 0.0010 
25.4750 0.0031 0.0010 
25.5000 0.0030 0.0015 
25.5250 0.0025 0.0014 
25.5500 0.0016 0.0009 
25.5750 0.0007 0.0004 
25.6000 0.0004 0.0001 
25.6250 0.0006 0.0001 
25.6500 0.0010 0.0000 
25.6750 0.0018 0.0003 
25.7000 0.0027 0.0003 
25.7250 0.0029 0.0001 
25.7500 0.0028 0.0000 
25.7750 0.0029 0.0008 
25.8000 0.0033 0.0027 
25.8250 0.0039 0.0050 
25.8500 0.0048 0.0074 
25.8750 0.0057 0.0089 
25.9000 0.0069 0.0094 
25.9250 0.0077 0.0092 
25.9500 0.0084 0.0075 
25.9750 0.0092 0.0050 
26.0000 0.0092 0.0044 
26.0250 0.0079 0.0032 
26.0500 0.0051 0.0032 
26.0750 0.0022 0.0033 
26.1000 0.0002 0.0041 
26.1250 0.0008 0.0052 
26.1500 0.0056 0.0049 
26.1750 0.0159 0.0054 
26.2000 0.0310 0.0048 
26.2250 0.0487 0.0038 
26.2500 0.0668 0.0037 
26.2750 0.0827 0.0030 
26.3000 0.0928 0.0016 
26.3250 0.0993 0.0008 
26.3500 0.1011 0.0000 
26.3750 0.1000 0.0004 
26.4000 0.0929 0.0016 
26.4250 0.0791 0.0030 
26.4500 0.0628 0.0041 
26.4750 0.0463 0.0050 
26.5000 0.0300 0.0060 
26.5250 0.0170 0.0077 
26.5500 0.0081 0.0093 
26.5750 0.0029 0.0118 
26.6000 0.0004 0.0149 
26.6250 0.0001 0.0168 
26.6500 0.0018 0.0194 
26.6750 0.0050 0.0198 
26.7000 0.0097 0.0201 
26.7250 0.0143 0.0202 
26.7500 0.0170 0.0188 
26.7750 0.0176 0.0176 
26.8000 0.0155 0.0141 
26.8250 0.0123 0.0102 
26.8500 0.0094 0.0067 
26.8750 0.0067 0.0048 
26.9000 0.0049 0.0043 
26.9250 0.0045 0.0042 
26.9500 0.0044 0.0043 
26.9750 0.0042 0.0039 
27.0000 0.0040 0.0031 
27.0250 0.0037 0.0019 
27.0500 0.0034 0.0005 
27.0750 0.0037 0.0000 
27.1000 0.0045 0.0006 
27.1250 0.0060 0.0031 
27.1500 0.0082 0.0076 
27.1750 0.0105 0.0126 
27.2000 0.0131 0.0163 
27.2250 0.0173 0.0147 
27.2500 0.0216 0.0153 
27.2750 0.0255 0.0185 
27.3000 0.0280 0.0255 
27.3250 0.0287 0.0379 
27.3500 0.0282 0.0533 
27.3750 0.0263 0.0678 
27.4000 0.0232 0.0623 
27.4250 0.0191 0.0426 
27.4500 0.0146 0.0240 
27.4750 0.0090 0.0127 
27.5000 0.0034 0.0064 
27.5250 0.0001 0.0038 
27.5500 0.0029 0.0038 
27.5750 0.0174 0.0063 
27.6000 0.0532 0.0136 
27.6250 0.1277 0.0281 
27.6500 0.2742 0.0592 
27.6750 0.5505 0.1007 
27.7000 1.0834 0.1638 
27.7250 1.8423 0.2035 
27.7500 1.8295 0.1924 
27.7750 1.0684 0.1343 
27.8000 0.5390 0.0669 
27.8250 0.2664 0.0196 
27.8500 0.1258 0.0012 
27.8750 0.0534 0.0026 
27.9000 0.0186 0.0137 
27.9250 0.0040 0.0294 
27.9500 0.0000 0.0458 
27.9750 0.0016 0.0606 
28.0000 0.0055 0.0715 
28.0250 0.0101 0.0806 
28.0500 0.0144 0.0878 
28.0750 0.0191 0.0940 
28.1000 0.0240 0.0984 
28.1250 0.0278 0.1015 
28.1500 0.0286 0.1005 
28.1750 0.0266 0.0959 
28.2000 0.0233 0.0889 
28.2250 0.0196 0.0786 
28.2500 0.0165 0.0690 
28.2750 0.0137 0.0616 
28.3000 0.0111 0.0556 
28.3250 0.0086 0.0516 
28.3500 0.0063 0.0479 
28.3750 0.0048 0.0452 
28.4000 0.0042 0.0407 
28.4250 0.0043 0.0362 
28.4500 0.0045 0.0305 
28.4750 0.0052 0.0253 
28.5000 0.0069 0.0228 
28.5250 0.0092 0.0189 
28.5500 0.0113 0.0181 
28.5750 0.0124 0.0165 
28.6000 0.0132 0.0162 
28.6250 0.0147 0.0178 
28.6500 0.0165 0.0196 
28.6750 0.0180 0.0231 
28.7000 0.0185 0.0247 
28.7250 0.0182 0.0248 
28.7500 0.0172 0.0262 
28.7750 0.0153 0.0250 
28.8000 0.0117 0.0220 
28.8250 0.0074 0.0201 
28.8500 0.0032 0.0156 
28.8750 0.0004 0.0108 
28.9000 0.0001 0.0088 
28.9250 0.0015 0.0056 
28.9500 0.0040 0.0039 
28.9750 0.0058 0.0022 
29.0000 0.0051 0.0014 
29.0250 0.0031 0.0003 
29.0500 0.0014 0.0001 
29.0750 0.0003 0.0000 
29.1000 0.0000 0.0001 
29.1250 0.0004 0.0001 
29.1500 0.0012 0.0005 
29.1750 0.0024 0.0009 
29.2000 0.0039 0.0026 
29.2250 0.0054 0.0046 
29.2500 0.0057 0.0064 
29.2750 0.0048 0.0095 
29.3000 0.0031 0.0107 
29.3250 0.0016 0.0115 
29.3500 0.0005 0.0120 
29.3750 0.0000 0.0105 
29.4000 0.0005 0.0105 
29.4250 0.0016 0.0091 
29.4500 0.0028 0.0080 
29.4750 0.0043 0.0069 
29.5000 0.0054 0.0063 